118
i	j	-log10(Probability)
1	29	3.8984
1	43	11.0553
1	44	13.3564
1	45	13.5345
1	46	13.3793
1	63	16.3075
1	116	0.85771
2	8	1.65634
2	11	3.57972
2	26	6.46931
2	28	3.88696
2	40	11.1759
2	42	10.9989
2	43	13.4374
2	44	13.4491
2	45	13.2274
2	55	18.5693
2	62	16.297
2	65	13.2691
2	71	14.4346
2	74	13.8594
2	84	10.0498
2	88	5.28947
2	94	7.45058
2	98	9.04429
2	113	6.40259
2	115	0.851212
3	7	2.03414
3	9	2.57637
3	10	3.71043
3	12	2.30771
3	23	5.01675
3	25	6.69115
3	27	3.88442
3	30	5.64575
3	39	11.2096
3	41	10.968
3	47	14.102
3	54	18.746
3	56	17.1035
3	61	17.0559
3	64	13.2596
3	70	14.415
3	72	14.3896
3	73	14.3109
3	75	12.1204
3	83	10.3744
3	87	5.43931
3	89	5.15501
3	93	7.49205
3	95	6.59816
3	97	9.74808
3	112	6.4552
3	114	0.851101
4	8	2.33319
4	11	2.30833
4	22	5.06084
4	26	3.88548
4	29	5.40395
4	40	10.9222
4	43	12.8683
4	44	12.3568
4	45	13.909
4	46	14.0402
4	55	17.1028
4	63	13.2587
4	69	14.4563
4	71	14.3769
4	74	12.126
4	86	5.53733
4	88	5.12484
4	94	6.58961
4	113	0.852271
4	116	4.31702
5	22	5.1452
5	28	5.40092
5	29	6.72964
5	42	12.3653
5	43	12.2304
5	44	13.0103
5	45	13.9639
5	46	15.855
5	62	13.2594
5	63	16.564
5	69	14.4433
5	86	7.1517
5	100	6.55708
5	103	3.99549
5	115	4.37019
5	116	4.67864
5	118	1.66329
6	21	5.17192
6	22	4.61926
6	28	6.76202
6	29	7.20827
6	36	8.58024
6	37	9.01018
6	42	12.1977
6	43	13.1019
6	44	14.0113
6	45	15.5738
6	46	15.7386
6	62	16.4856
6	63	18.7755
6	66	15.8326
6	67	15.7661
6	68	14.5194
6	69	16.575
6	85	7.69143
6	86	8.84965
6	99	6.57046
6	100	8.78739
6	101	6.96311
6	102	3.99858
6	103	7.11399
6	104	6.14672
6	109	1.27524
6	115	5.22392
6	116	4.64939
6	117	1.71824
6	118	1.9038
7	13	3.23877
7	21	4.48125
7	26	6.51348
7	28	6.46518
7	31	3.56994
7	35	9.09122
7	36	9.58981
7	40	11.8898
7	42	13.8722
7	43	15.2579
7	44	14.4134
7	45	14.1537
7	48	15.3338
7	55	19.3429
7	62	18.9934
7	65	15.7959
7	66	15.9766
7	67	15.2056
7	68	17.0342
7	71	18.6804
7	74	15.0668
7	77	12.629
7	84	9.04905
7	85	10.1716
7	88	8.34232
7	91	7.31341
7	94	5.85367
7	98	6.61761
7	99	8.95768
7	100	7.67194
7	101	4.02882
7	102	7.06601
7	103	6.11819
7	108	1.2534
7	113	5.90001
7	115	4.48054
7	116	3.12836
7	117	1.43965
8	12	3.0493
8	20	4.39952
8	23	3.76324
8	25	5.96734
8	27	5.182
8	30	3.04246
8	34	9.75132
8	39	13.6455
8	41	14.4855
8	47	15.1752
8	54	19.2181
8	56	16.6868
8	61	19.1636
8	64	15.5608
8	70	18.4851
8	72	16.0067
8	73	15.0085
8	75	12.7268
8	76	12.4421
8	83	11.6482
8	87	10.7077
8	89	8.35579
8	90	7.19001
8	93	5.78691
8	95	4.01485
8	97	6.87309
8	107	1.25445
8	112	4.33661
8	114	4.29841
9	22	3.76309
9	26	5.12597
9	29	2.88172
9	40	13.9605
9	43	10.9729
9	44	13.6951
9	45	15.0044
9	46	15.1483
9	55	16.6947
9	63	15.5497
9	69	18.4998
9	71	16.157
9	74	12.7162
9	86	11.1759
9	88	8.92622
9	94	4.02506
9	113	4.31074
9	116	0.0742178
10	26	6.07141
10	28	2.87694
10	40	13.3092
10	42	10.9138
10	43	13.87
10	44	14.6649
10	45	15.3836
10	55	18.0822
10	62	15.5501
10	65	16.5288
10	71	16.7147
10	74	12.957
10	84	13.167
10	88	9.01416
10	94	5.27856
10	98	5.80514
10	113	5.69659
10	115	0.0700385
11	23	3.26353
11	25	6.7467
11	27	2.87515
11	30	8.94262
11	39	13.3649
11	41	10.8833
11	47	14.8769
11	54	18.1283
11	56	15.0497
11	61	15.9263
11	64	16.5231
11	70	16.6511
11	72	14.2939
11	73	12.9556
11	75	12.0879
11	83	13.487
11	87	9.28458
11	89	7.7273
11	93	5.09646
11	95	5.49788
11	97	5.82443
11	112	5.55121
11	114	0.069843
12	22	3.26258
12	26	2.87449
12	28	6.70773
12	29	8.75494
12	40	10.8595
12	42	14.0287
12	46	14.8027
12	55	15.0483
12	62	17.7096
12	63	16.5303
12	65	17.87
12	69	16.6571
12	71	14.3622
12	74	12.0869
12	84	13.3324
12	86	9.43913
12	88	7.70311
12	94	5.49577
12	98	6.21177
12	113	0.0699098
13	25	2.94184
13	27	6.63483
13	39	10.8948
13	41	13.9405
13	54	15.0568
13	61	17.6865
13	64	17.8609
13	70	14.843
13	78	14.6535
13	83	13.4323
13	87	8.08039
13	89	9.12049
13	97	6.19361
13	112	0.0917745
14	26	6.58515
14	29	8.33143
14	40	13.4876
14	43	16.3657
14	44	13.9125
14	45	13.4221
14	46	12.3153
14	63	17.9175
14	66	16.3716
14	69	15.477
14	77	14.2861
14	85	11.3173
14	86	9.35318
14	88	9.44076
14	99	5.243
14	101	3.10611
14	104	0.075915
14	116	6.36378
14	117	3.16921
15	28	7.73056
15	29	5.94984
15	42	15.0231
15	43	13.1713
15	44	11.0187
15	45	10.1176
15	46	12.5706
15	62	17.9174
15	63	17.2565
15	65	16.2268
15	84	11.3046
15	98	5.18011
15	100	3.28712
15	103	0.0696457
15	115	6.28895
15	116	3.15473
16	28	5.9513
16	29	5.55598
16	42	13.1633
16	43	11.0551
16	44	9.86072
16	45	12.3211
16	46	13.5346
16	62	17.2585
16	63	16.5466
16	115	3.16084
16	116	4.4404
17	28	5.58856
17	29	4.50765
17	42	11.104
17	43	9.85212
17	44	12.1598
17	45	13.2546
17	46	16.4022
17	62	16.5524
17	63	16.4272
17	115	4.4412
17	116	3.31195
18	28	4.49373
18	29	6.33245
18	42	9.84976
18	43	12.155
18	44	13.0812
18	45	16.1261
18	46	18.5512
18	62	16.4229
18	63	18.2643
18	69	18.0025
18	86	9.71627
18	100	0.0445189
18	103	4.77522
18	115	3.30501
18	116	5.64274
18	118	4.08901
19	28	6.67006
19	29	6.10869
19	42	12.2176
19	43	13.0708
19	44	16.0142
19	45	18.4065
19	46	19.6683
19	62	18.3564
19	63	17.8517
19	66	16.7819
19	68	17.9891
19	85	9.70443
19	99	0.043105
19	101	4.48363
19	102	5.11236
19	104	4.87024
19	115	5.6883
19	116	6.66219
19	117	4.06419
20	26	4.39776
20	28	5.39312
20	40	9.72618
20	42	12.9283
20	43	15.6278
20	44	16.6421
20	45	17.5864
20	55	17.2893
20	62	17.7466
20	65	16.7698
20	71	19.3761
20	84	9.70384
20	88	8.81276
20	98	0.0429638
20	100	4.43867
20	103	4.85311
20	113	3.11564
20	115	6.4546
20	116	4.06684
21	25	4.55412
21	27	5.37282
21	33	11.5367
21	39	9.72127
21	41	12.9465
21	50	20.5611
21	51	21.1742
21	52	21.0084
21	54	17.281
21	57	17.9794
21	59	19.89
21	61	18.0836
21	64	17.2641
21	70	19.8696
21	80	10.7648
21	81	12.4106
21	82	12.1348
21	83	9.83072
21	87	9.41967
21	90	8.03907
21	96	0.327205
21	97	0.320646
21	106	6.37588
21	112	3.12151
22	30	5.78922
22	32	11.8324
22	38	9.73418
22	41	13.0117
22	47	17.4233
22	49	20.8052
22	50	21.4161
22	51	21.0325
22	53	17.2826
22	56	17.9176
22	58	19.9965
22	60	18.35
22	64	17.5875
22	70	20.6183
22	72	18.4576
22	75	12.5172
22	79	10.6334
22	80	11.8697
22	81	11.9821
22	82	10.0287
22	87	12.6257
22	89	8.63278
22	95	0.0290534
22	96	1.3276
22	105	6.35075
22	111	3.12778
22	114	4.56764
23	29	5.55893
23	40	12.7554
23	43	14.912
23	44	13.8174
23	45	16.149
23	46	17.3462
23	55	17.9185
23	63	17.2696
23	69	20.7237
23	71	18.4661
23	74	12.5229
23	86	12.7545
23	88	8.82586
23	94	0.0259241
23	113	4.56672
23	116	5.91165
24	28	5.55636
24	42	14.8544
24	43	13.8041
24	44	15.7868
24	45	17.2593
24	46	19.105
24	62	17.2703
24	63	19.9592
24	69	18.5097
24	86	11.8689
24	100	6.61797
24	103	6.382
24	115	5.93558
24	116	6.55885
24	118	5.98724
25	31	10.2914
25	35	9.86006
25	40	14.2532
25	42	13.8225
25	43	15.7866
25	44	17.2386
25	45	18.7429
25	48	19.7636
25	55	21.8701
25	62	19.906
25	65	22.5858
25	68	18.5133
25	71	21.3126
25	74	14.9479
25	77	10.0352
25	84	14.6071
25	85	12.1417
25	88	10.9321
25	91	4.85147
25	94	2.59604
25	98	8.14952
25	99	6.62698
25	102	6.39153
25	108	7.36261
25	113	8.81432
25	115	7.01487
25	117	6.12824
26	30	9.89686
26	32	11.1571
26	34	9.85195
26	38	11.3913
26	39	14.3197
26	41	13.9505
26	47	19.6877
26	49	17.1943
26	54	21.8221
26	56	20.092
26	61	19.9007
26	64	23.169
26	70	21.6313
26	72	18.2447
26	73	15.6425
26	75	9.45231
26	76	10.1693
26	78	10.7875
26	83	15.4052
26	87	11.8223
26	89	7.68317
26	90	5.00797
26	92	0.0063034
26	93	2.27144
26	95	3.3172
26	97	9.24319
26	105	9.74085
26	107	8.11289
26	110	7.0541
26	112	9.00848
26	114	7.01999
27	31	11.2039
27	35	10.4368
27	37	11.4002
27	40	12.7038
27	42	16.886
27	46	19.6927
27	48	17.2038
27	55	20.1022
27	62	21.9155
27	63	22.9049
27	65	21.1526
27	69	21.4263
27	71	18.7003
27	74	9.37461
27	77	10.7561
27	84	15.4067
27	86	13.6251
27	88	9.86686
27	91	0.00189784
27	94	3.31541
27	98	10.3362
27	104	9.92764
27	108	10.0065
27	109	7.55883
27	113	7.05757
27	115	9.66209
28	34	10.419
28	39	11.8522
28	41	15.2597
28	47	17.3735
28	50	19.9018
28	51	21.0527
28	52	21.9035
28	53	21.288
28	54	20.1988
28	57	18.7371
28	58	19.204
28	59	20.7004
28	60	19.6952
28	61	19.641
28	64	20.9468
28	70	19.4294
28	73	9.37166
28	76	10.749
28	79	14.1835
28	80	13.6975
28	81	15.4816
28	82	15.6909
28	83	15.4119
28	87	10.7823
28	90	0.00281798
28	93	3.31371
28	96	8.55851
28	97	10.586
28	106	10.4169
28	107	10.0596
28	111	7.63059
28	112	7.3117
28	114	9.81018
29	33	10.7942
29	38	11.7325
29	41	12.5855
29	47	17.5497
29	49	20.0069
29	50	22.3503
29	51	23.2501
29	52	22.4219
29	53	20.3388
29	56	18.5829
29	57	20.4634
29	58	20.7182
29	59	20.4857
29	60	19.5596
29	64	20.1368
29	70	18.4878
29	72	9.3716
29	75	10.7495
29	78	14.6402
29	79	13.6532
29	80	15.6299
29	81	15.6772
29	82	15.5769
29	87	9.28429
29	89	0.00135055
29	92	3.36389
29	95	8.30642
29	96	11.0534
29	105	10.3806
29	106	10.8182
29	110	7.64616
29	111	7.32374
29	114	11.3803
30	40	10.389
30	42	10.144
30	46	16.9709
30	55	18.5757
30	62	19.7586
30	63	20.063
30	65	17.0508
30	69	17.7656
30	71	9.3716
30	74	10.7571
30	84	12.0064
30	86	9.30812
30	88	0.000416522
30	94	8.34398
30	98	11.8335
30	113	11.3248
31	39	10.2581
31	41	9.0172
31	54	18.6101
31	61	18.3996
31	64	16.8913
31	70	9.37175
31	83	11.8562
31	87	0.000481391
31	89	7.17423
31	97	11.4192
31	112	10.4872
32	40	7.73678
32	43	11.3107
32	44	9.43815
32	45	12.4553
32	46	15.3693
32	63	16.6974
32	69	9.37177
32	86	4.17397e-05
32	88	6.84204
32	100	8.95054
32	103	9.40606
32	116	10.4809
32	118	8.22233
33	42	11.2597
33	43	9.40017
33	44	11.8014
33	45	14.8812
33	46	17.3454
33	62	17.1764
33	63	15.0139
33	66	11.7744
33	68	9.40029
33	85	0.000133614
33	99	8.92651
33	101	9.81753
33	102	9.61427
33	104	7.93767
33	115	11.1046
33	116	10.8962
33	117	8.76351
34	40	7.66773
34	42	9.27382
34	43	11.4752
34	44	13.1923
34	45	15.5436
34	55	16.4873
34	62	14.4744
34	65	11.5462
34	71	16.1429
34	84	1.94011e-05
34	88	9.62484
34	98	8.9318
34	100	9.79217
34	103	7.92376
34	113	10.3595
34	115	10.7916
34	116	9.01324
35	39	7.79824
35	41	9.22927
35	51	18.076
35	52	16.6745
35	54	16.5011
35	61	14.4798
35	64	11.8394
35	70	16.222
35	81	5.22058
35	82	3.39826
35	83	0.0010029
35	87	9.71918
35	90	9.4187
35	97	9.24812
35	112	10.2655
36	50	17.514
36	51	16.0868
36	52	16.0676
36	80	4.5938
36	81	3.10396
36	82	0.00557541
36	83	4.22009
36	89	9.52911
36	90	9.05327
36	96	9.81563
36	97	11.9119
37	50	15.811
37	51	15.6642
37	64	9.37578
37	70	14.3104
37	80	2.97903
37	81	0.032275
37	82	3.99785
37	87	8.39406
37	89	9.03917
37	96	12.1791
38	44	9.28578
38	45	10.9484
38	46	13.4093
38	63	9.36932
38	69	14.1973
38	86	8.36555
38	88	9.03968
38	100	10.8995
38	103	9.58442
38	116	9.59728
38	118	10.6408
39	43	9.34173
39	44	10.2237
39	45	12.9455
39	48	13.8851
39	55	14.9639
39	62	9.37647
39	65	14.7262
39	68	14.2045
39	71	17.9381
39	74	12.1828
39	77	5.44741
39	84	9.57348
39	85	8.37414
39	88	11.674
39	91	12.0747
39	94	11.6573
39	98	13.5171
39	99	11.0826
39	102	9.94893
39	108	9.18185
39	113	12.0114
39	115	9.57813
39	117	10.9278
40	47	13.8238
40	49	13.2029
40	54	15.1979
40	56	11.2091
40	61	9.6084
40	64	14.7431
40	70	18.0926
40	72	15.5549
40	73	13.1251
40	75	8.16709
40	76	6.02853
40	78	0.0139884
40	83	8.63258
40	87	11.57
40	89	12.9215
40	90	12.0342
40	92	12.0286
40	93	11.6443
40	95	10.8543
40	97	14.1563
40	105	10.2174
40	107	9.12205
40	110	9.89427
40	112	11.6437
40	114	9.58043
41	46	13.8248
41	48	13.2004
41	55	11.2098
41	62	12.989
41	63	14.9737
41	65	15.5308
41	69	17.3355
41	71	15.562
41	74	7.98823
41	77	0.00106444
41	84	12.1146
41	86	12.6524
41	88	13.8059
41	91	12.2825
41	94	10.8601
41	98	15.0211
41	104	10.9738
41	108	10.9625
41	109	10.2229
41	113	9.65357
41	115	12.8718
42	47	13.1995
42	50	15.3033
42	51	14.8137
42	52	15.4943
42	53	13.5318
42	54	11.2103
42	57	13.7099
42	58	13.7189
42	59	11.8973
42	60	8.71166
42	61	11.5118
42	64	16.7836
42	70	16.9151
42	73	8.78302
42	76	3.84189e-05
42	79	7.4117
42	80	7.85506
42	81	9.29293
42	82	10.7178
42	83	12.2314
42	87	15.0275
42	90	13.1863
42	93	10.8706
42	96	15.3894
42	97	16.6174
42	106	12.9572
42	107	10.8592
42	111	10.9297
42	112	9.73334
42	114	13.1106
43	49	15.1989
43	50	14.617
43	51	15.2784
43	52	13.5271
43	53	11.2071
43	54	13.2599
43	56	13.581
43	57	13.8608
43	58	11.975
43	59	8.67604
43	60	11.0594
43	61	14.253
43	72	9.12126
43	73	9.48447
43	75	0.0001669
43	76	4.24524
43	78	8.83029
43	79	8.0255
43	80	9.20561
43	81	11.61
43	82	12.7818
43	83	14.1276
43	89	13.9481
43	90	15.3545
43	92	10.8866
43	93	13.7143
43	95	15.1653
43	96	16.229
43	97	17.7727
43	105	12.8629
43	106	10.9976
43	107	12.8124
43	110	10.9715
43	111	9.72625
43	112	13.7132
44	49	13.8235
44	50	14.535
44	51	13.341
44	52	11.2111
44	53	12.2639
44	54	12.5707
44	56	13.8347
44	57	12.1213
44	58	8.58786
44	59	11.2145
44	60	12.442
44	61	14.2691
44	72	9.67076
44	73	4.27796
44	75	4.08028
44	76	8.47775
44	78	8.11798
44	79	9.2076
44	80	11.42
44	81	12.5009
44	82	13.423
44	83	14.7509
44	89	14.7456
44	90	13.7345
44	92	13.5846
44	93	14.8825
44	95	15.8981
44	96	17.3374
44	97	18.3113
44	105	11.0402
44	106	13.1329
44	107	13.4605
44	110	9.73888
44	111	13.2674
44	112	14.6449
45	49	14.7015
45	50	13.334
45	51	11.2737
45	52	12.2382
45	53	12.3142
45	54	13.3924
45	56	12.3437
45	57	8.58521
45	58	11.1365
45	59	13.0989
45	60	13.5795
45	61	15.817
45	72	4.57762
45	73	0.000133865
45	75	8.75581
45	76	10.1121
45	78	10.8375
45	79	12.021
45	80	14.0299
45	81	14.9652
45	82	15.8821
45	83	17.1461
45	89	14.9987
45	90	12.9758
45	92	14.9162
45	93	15.3332
45	95	16.3104
45	96	17.5055
45	97	19.4527
45	105	13.8825
45	106	15.0747
45	107	14.0402
45	110	13.5444
45	111	14.4268
45	112	17.129
46	50	11.6441
46	51	12.4887
46	52	12.298
46	53	13.4303
46	56	8.5829
46	57	12.5406
46	58	13.6041
46	59	13.7743
46	60	15.848
46	64	15.0746
46	70	10.5819
46	72	1.54038e-05
46	75	10.2041
46	78	13.718
46	79	14.6788
46	80	16.6301
46	81	17.399
46	82	18.2009
46	87	18.0854
46	89	12.4277
46	92	15.4989
46	95	15.9612
46	96	19.0203
46	105	15.4595
46	106	16.0564
46	110	14.7045
46	111	16.0199
46	114	18.0139
47	55	8.58278
47	62	14.0514
47	63	14.6334
47	65	10.2451
47	69	10.5141
47	71	8.80979e-06
47	74	10.3046
47	84	18.5257
47	86	18.1528
47	88	12.4239
47	94	16.0134
47	98	19.3272
47	113	18.012
48	54	8.64991
48	61	13.4682
48	64	9.57869
48	70	0.000180997
48	83	18.7139
48	87	12.4242
48	89	16.0634
48	97	19.4118
48	112	18.0993
49	63	9.3542
49	69	2.15049e-05
49	86	12.4245
49	88	15.9729
49	100	18.9487
49	103	16.8901
49	116	18.8694
49	118	16.0671
50	62	9.20391
50	63	8.92423
50	66	6.19463
50	67	4.8564
50	68	0.000541012
50	69	6.20424
50	85	12.4377
50	86	16.5752
50	99	18.9751
50	100	20.1509
50	101	18.247
50	102	16.9502
50	103	16.8531
50	104	17.3416
50	109	17.0552
50	115	19.0553
50	116	20.1484
50	117	16.4251
50	118	16.9234
51	62	8.14862
51	63	7.6882
51	65	5.79291
51	66	4.59373
51	67	0.00124481
51	68	4.60223
51	69	8.83356
51	84	12.4594
51	85	15.0554
51	86	15.503
51	98	19.2203
51	99	19.9894
51	100	18.1493
51	101	17.2901
51	102	16.702
51	103	17.3045
51	104	17.5492
51	108	16.9841
51	109	17.4361
51	115	20.2922
51	116	17.1834
51	117	16.7111
51	118	14.6453
52	62	7.66658
52	63	4.38622
52	65	4.53296
52	66	0.000749434
52	67	4.34322
52	68	7.58517
52	84	14.9078
52	85	14.154
52	98	20.0317
52	99	18.0909
52	100	17.8015
52	101	16.6628
52	102	17.3672
52	103	18.0616
52	104	15.0612
52	108	17.4521
52	115	17.7252
52	116	17.2351
52	117	14.2092
53	62	4.11211
53	63	3.88247
53	65	0.00521552
53	69	7.56739
53	84	13.9247
53	86	16.6002
53	98	18.0797
53	100	16.644
53	103	15.013
53	115	17.214
53	116	14.1848
53	118	17.8233
54	62	3.57722
54	65	2.04283
54	68	7.24044
54	71	10.2872
54	74	15.0788
54	77	15.6304
54	84	15.1851
54	85	16.3278
54	88	15.1802
54	91	17.0173
54	94	18.2055
54	98	19.6292
54	99	16.6934
54	102	15.0717
54	108	16.4847
54	113	19.5134
54	115	14.185
54	117	18.2034
55	61	3.54033
55	64	0.0828037
55	70	7.68583
55	72	12.7062
55	73	14.6708
55	75	14.8836
55	76	15.7717
55	83	14.3491
55	87	14.7054
55	89	15.2237
55	90	16.9517
55	93	18.3575
55	95	17.1835
55	97	20.0032
55	107	16.4102
55	112	19.5538
55	114	14.1838
56	63	0.0522137
56	69	7.50076
56	71	12.5123
56	74	14.7773
56	86	14.6821
56	88	15.179
56	94	17.183
56	100	15.767
56	103	15.8294
56	113	14.1851
56	116	19.3117
56	118	16.9226
57	62	0.149909
57	63	2.62082
57	66	4.26158
57	68	7.37249
57	85	14.6719
57	99	15.7624
57	101	14.6649
57	102	16.1125
57	104	15.7859
57	115	19.4131
57	116	19.5129
57	117	16.8899
58	62	1.76898
58	65	4.18337
58	69	9.65863
58	84	14.6657
58	86	15.0394
58	98	15.7714
58	100	14.5581
58	103	15.6478
58	115	19.143
58	116	16.8861
58	118	17.0806
59	66	4.81936
59	68	9.39282
59	85	15.0202
59	99	14.5577
59	101	17.1587
59	102	15.796
59	104	16.248
59	115	16.9416
59	116	19.1444
59	117	17.0658
60	65	4.74067
60	69	8.91186
60	84	15.0105
60	86	17.8381
60	98	14.56
60	100	16.9622
60	103	16.1845
60	115	18.3469
60	116	17.094
60	118	18.1911
61	68	8.58386
61	71	14.5711
61	74	9.84003
61	77	9.2346
61	84	18.218
61	85	17.9543
61	88	19.0667
61	91	19.3614
61	94	14.6365
61	98	19.3222
61	99	17.1658
61	102	16.7424
61	108	17.0547
61	113	19.0753
61	115	17.3841
61	117	18.6615
62	70	12.7802
62	73	9.24488
62	76	8.79329
62	79	11.0961
62	80	13.3612
62	81	14.9973
62	82	15.3447
62	83	16.5455
62	87	18.1621
62	90	18.8799
62	93	14.09
62	96	14.2713
62	97	17.8237
62	106	17.2821
62	107	17.0277
62	111	14.3843
62	112	17.2419
62	114	17.7752
63	70	12.999
63	72	9.24452
63	75	8.7929
63	78	11.0941
63	79	13.294
63	80	14.7971
63	81	15.0295
63	82	16.347
63	87	19.1001
63	89	18.9351
63	92	14.0896
63	95	14.1571
63	96	19.2908
63	105	17.1675
63	106	17.7492
63	110	14.3843
63	111	17.103
63	114	19.2165
64	69	11.312
64	71	9.26099
64	74	8.79338
64	77	11.0914
64	84	15.5109
64	86	18.7959
64	88	19.2324
64	91	14.0907
64	94	14.1562
64	98	19.4888
64	104	17.2426
64	108	14.9756
64	109	14.5529
64	113	19.1067
64	115	20.0977
65	70	9.7704
65	73	8.79635
65	76	11.0921
65	79	12.5314
65	81	14.419
65	82	13.2353
65	83	12.8041
65	87	19.2087
65	90	14.0986
65	93	14.1595
65	97	18.1121
65	107	14.6726
65	112	18.8594
65	114	19.238
66	78	12.5491
66	80	14.2308
66	81	12.7746
66	82	11.9335
66	83	14.4507
66	89	14.1541
66	90	16.2872
66	96	17.3203
66	97	17.0469
66	106	14.7042
67	80	12.7072
67	81	11.692
67	82	14.1669
67	83	15.8537
67	89	16.068
67	90	15.615
67	96	16.8628
67	97	15.2595
68	80	11.6303
68	81	14.0837
68	82	15.1388
68	83	16.6572
68	89	15.6545
68	90	15.4537
68	96	14.5378
68	97	18.0971
68	106	15.0049
68	112	16.2021
69	75	12.0138
69	78	12.0968
69	79	11.6291
69	80	14.4889
69	81	14.9434
69	82	15.86
69	87	17.4613
69	89	15.5202
69	92	13.6621
69	95	14.3477
69	96	17.9121
69	105	14.9343
69	110	15.6343
69	111	16.0485
69	114	17.2519
70	74	12.07
70	77	11.6189
70	84	17.5781
70	86	17.6252
70	88	15.4119
70	91	13.624
70	94	14.3464
70	98	20.4941
70	104	15.1926
70	108	16.2511
70	109	15.6086
70	113	17.2607
70	115	16.9316
71	76	11.615
71	83	17.5477
71	87	15.1673
71	89	14.2067
71	90	13.5945
71	93	14.3646
71	95	15.0082
71	97	20.5374
71	107	16.0692
71	112	17.4686
71	114	16.6556
72	86	15.0686
72	88	14.1256
72	94	14.8361
72	113	16.6479
72	116	12.5754
73	84	12.9401
73	88	10.9637
73	94	13.2629
73	98	16.1206
73	113	16.0786
73	115	12.5329
74	83	12.9096
74	87	10.8492
74	89	11.442
74	93	13.239
74	95	12.1718
74	97	16.3409
74	112	14.7959
74	114	12.5148
75	86	10.8214
75	88	11.3086
75	94	12.1645
75	113	12.6519
75	116	13.3915
76	84	10.3268
76	88	10.7251
76	98	14.4064
76	113	12.7865
76	115	13.3874
77	83	9.37646
77	87	10.7073
77	89	12.1921
77	97	14.3054
77	112	11.9412
78	85	8.27807
78	86	11.0421
78	88	11.7437
78	99	10.9914
78	101	8.41613
78	104	6.61501
78	116	13.5317
78	117	12.1372
79	84	7.84809
79	86	9.11038
79	98	10.7169
79	100	8.20669
79	103	6.39266
79	115	12.7439
79	116	11.9533
79	118	10.8188
80	85	9.1081
80	86	10.0903
80	99	8.21765
80	100	9.40751
80	101	6.42101
80	102	6.43618
80	103	9.02729
80	104	9.42068
80	109	9.89033
80	115	12.0087
80	116	13.0438
80	117	10.7529
80	118	11.4061
81	85	10.2094
81	98	8.29401
81	99	9.45832
81	100	6.35815
81	101	6.49687
81	102	9.02441
81	103	9.44569
81	104	11.0419
81	108	10.4593
81	109	9.77766
81	115	13.012
81	116	11.3564
81	117	11.3004
81	118	12.4365
82	98	9.64755
82	99	6.31455
82	100	6.55682
82	101	9.04457
82	102	9.58487
82	103	11.0421
82	104	11.8787
82	108	9.95355
82	109	7.39444
82	115	11.6032
82	116	11.4968
82	117	12.0282
82	118	12.3683
83	91	9.89914
83	94	9.024
83	98	6.29683
83	99	6.62005
83	100	9.09893
83	101	9.65942
83	102	11.1225
83	103	11.8324
83	108	7.24392
83	113	13.4037
83	115	11.5032
83	116	13.2147
83	117	11.9261
84	90	9.55224
84	93	8.88502
84	97	6.13132
84	107	7.20995
84	112	12.2169
84	114	11.4926
85	89	9.56493
85	96	5.92587
85	97	7.79773
85	106	7.20905
85	112	9.48664
86	92	7.15804
86	95	4.93752
86	96	8.68281
86	105	7.20419
86	110	8.72785
86	111	8.32146
86	114	11.2042
87	91	6.91353
87	94	4.79459
87	98	9.30844
87	104	7.20691
87	108	8.745
87	109	8.71432
87	113	10.8535
87	115	8.55914
88	93	4.70933
88	95	4.55875
88	97	8.22242
88	105	7.48498
88	107	8.49617
88	110	6.42413
88	112	9.50043
88	114	8.04387
89	94	4.60023
89	99	8.03778
89	100	8.91604
89	101	8.92365
89	102	7.2763
89	103	9.42541
89	104	7.48405
89	109	6.48031
89	113	8.05156
89	116	8.37538
89	117	5.80951
89	118	4.68525
90	98	7.8592
90	99	8.68311
90	100	8.8074
90	101	7.31636
90	102	9.30384
90	103	7.51734
90	108	6.84647
90	113	8.60848
90	115	9.16867
90	116	7.14734
90	117	4.18428
91	97	7.80616
91	112	7.42783
92	116	2.77742
93	113	5.76269
93	115	2.71771
94	112	5.39711
94	114	2.71109
95	103	5.74651
95	113	2.71156
95	116	8.09495
95	118	8.49489
96	102	5.74732
96	103	6.41552
96	104	6.51289
96	109	1.87669
96	115	8.18347
96	116	9.06248
96	117	8.50718
96	118	9.86006
97	101	5.87256
97	102	5.70726
97	103	6.08034
97	108	1.27424
97	113	8.44225
97	115	8.32933
97	116	8.61288
97	117	9.24482
98	107	1.02947
98	112	7.64396
98	114	7.64939
99	106	1.0301
99	112	5.82341
100	105	1.03732
100	107	3.16955
100	111	5.08348
101	106	3.13608
102	112	1.96377
103	111	1.84362
105	116	4.48452
105	118	2.49057
106	115	4.5011
106	116	4.57298
106	117	2.45625
107	113	3.97407
107	115	4.42206
107	116	2.45618
108	112	4.0363
110	116	3.63608
111	115	3.63486
111	118	4.32806
112	117	4.31162
